20
69.15585927248678 28.48452702636947 0.9399862107550141
86.59489832006567 79.47682059428176 4.161297859465737
50.5532891004646 64.34665825818888 6.631394912574182
22.07251508677384 41.112143171346766 12.025921775358006
94.20894841288614 8.56386555517475 0.7713499446563787
87.14901991186629 95.81967525952206 8.628015640084872
45.40216985008986 19.867446399928767 11.215397492014953
1.7788370177473825 96.93819687132222 1.6045009269718111
59.77422535072716 96.84430651710944 0.9196002587309592
66.95838762502483 51.19140537800146 10.076501219936937
30.743253641279576 8.672176886362843 12.997052773871136
57.85034349266893 77.06049544528676 0.6474645720113799
15.302215142626268 52.9643320007598 10.056824432501127
75.9515582596647 85.82210305785983 1.5970864207637123
9.948928190688072 41.52293790062001 8.08798290044342
66.41567640280832 57.503638065246925 11.098802452733807
3.9201642352581776 43.19981242780746 1.1396493669857226
98.60082949250581 83.76111595675013 1.8363356570437481
2.744458181859315 60.44681498795041 3.661762813937389
10.26922242953153 49.61364418882483 2.6794790259204393
44.5 0.0
10.5 100.0