10
80.52584113730873 11.878311586160638 2.2233545009661606
87.34857375122843 35.66618687830771 9.7342174603276
14.789531314779516 33.53691773412221 5.985189279505226
47.53752472498255 51.32289753069985 4.199002741989993
47.249503429756906 37.138818623618086 9.800591653403096
64.10828303578903 76.21246656735023 12.52720057478438
37.894236135161606 43.01385213951634 10.214683072989791
38.497730308317394 46.92170199166864 11.309684206062629
91.98925393218074 75.6828441051699 3.027280739817156
3.063667525260627 0.05421870784936944 7.774365828513666
26.5 0.0
6.5 100.0